[ 0.3330279  -0.12103224 -0.19643444  0.29964642 -0.12438007  0.32176498
 -0.91066931]
[ 0.33274657 -0.12166709 -0.19640122  0.29857683 -0.12473511  0.32106721
 -0.91038438]
[ 0.33246523 -0.12230194 -0.196368    0.29750724 -0.12509016  0.32036944
 -0.91009946]
[ 0.3321839  -0.12293679 -0.19633478  0.29643764 -0.12544521  0.31967167
 -0.90981454]
[ 0.33190257 -0.12357164 -0.19630157  0.29536805 -0.12580025  0.31897391
 -0.90952961]
[ 0.33162123 -0.12420648 -0.19626835  0.29429846 -0.1261553   0.31827614
 -0.90924469]
[ 0.3313399  -0.12484133 -0.19623513  0.29322886 -0.12651035  0.31757837
 -0.90895977]
[ 0.33107591 -0.12545133 -0.19624759  0.29218928 -0.12685405  0.31687608
 -0.90869583]
[ 0.33084411 -0.12601517 -0.19634487  0.29120541 -0.12717666  0.31616538
 -0.90847086]
[ 0.33061232 -0.12657901 -0.19644216  0.29022155 -0.12749928  0.31545469
 -0.90824588]
[ 0.33038053 -0.12714285 -0.19653945  0.28923768 -0.1278219   0.314744
 -0.90802091]
[ 0.33014874 -0.12770669 -0.19663674  0.28825382 -0.12814452  0.31403331
 -0.90779594]
[ 0.32991695 -0.12827053 -0.19673403  0.28726995 -0.12846713  0.31332261
 -0.90757097]
[ 0.32968515 -0.12883436 -0.19683131  0.28628609 -0.12878975  0.31261192
 -0.907346  ]
[ 0.32948555 -0.12935661 -0.19700056  0.28535893 -0.12909862  0.31189652
 -0.90715403]
[ 0.32929973 -0.12986102 -0.19720064  0.28445608 -0.12940158  0.3111791
 -0.90697621]
[ 0.32911391 -0.13036543 -0.19740072  0.28355323 -0.12970455  0.31046168
 -0.90679839]
[ 0.3289281  -0.13086985 -0.1976008   0.28265038 -0.13000752  0.30974427
 -0.90662057]
[ 0.32874228 -0.13137426 -0.19780088  0.28174753 -0.13031049  0.30902685
 -0.90644274]
[ 0.32855646 -0.13187867 -0.19800096  0.28084468 -0.13061346  0.30830943
 -0.90626492]
[ 0.32837283 -0.13238068 -0.19820517  0.2799456  -0.13091594  0.30759188
 -0.90608892]
[ 0.32823069 -0.13283689 -0.19848784  0.27911816 -0.13120922  0.30687188
 -0.90594762]
[ 0.32808855 -0.1332931  -0.19877052  0.27829072 -0.1315025   0.30615188
 -0.90580632]
[ 0.32794642 -0.13374931 -0.19905319  0.27746328 -0.13179577  0.30543188
 -0.90566502]
[ 0.32780428 -0.13420553 -0.19933586  0.27663584 -0.13208905  0.30471187
 -0.90552372]
[ 0.32766214 -0.13466174 -0.19961854  0.2758084  -0.13238232  0.30399187
 -0.90538242]
[ 0.32752    -0.13511795 -0.19990121  0.27498097 -0.1326756   0.30327187
 -0.90524112]
[ 0.32739488 -0.1355588  -0.2002108   0.27418198 -0.13296797  0.30255237
 -0.90511106]
[ 0.3272953  -0.1359766  -0.20056078  0.27342567 -0.13325897  0.30183364
 -0.90499785]
[ 0.32719571 -0.1363944  -0.20091075  0.27266936 -0.13354997  0.3011149
 -0.90488465]
[ 0.32709613 -0.1368122  -0.20126072  0.27191305 -0.13384097  0.30039617
 -0.90477145]
[ 0.32699654 -0.13723    -0.2016107   0.27115674 -0.13413197  0.29967744
 -0.90465824]
[ 0.32689695 -0.1376478  -0.20196067  0.27040043 -0.13442298  0.2989587
 -0.90454504]
[ 0.32679737 -0.1380656  -0.20231064  0.26964413 -0.13471398  0.29823997
 -0.90443184]
[ 0.32672918 -0.13846103 -0.20270219  0.26893861 -0.13500749  0.29752481
 -0.90433461]
[ 0.32667145 -0.13884901 -0.20310759  0.26825004 -0.13530185  0.29681083
 -0.9042427 ]
[ 0.32661372 -0.13923699 -0.20351299  0.26756146 -0.1355962   0.29609686
 -0.9041508 ]
[ 0.326556   -0.13962497 -0.2039184   0.26687288 -0.13589055  0.29538289
 -0.9040589 ]
[ 0.32649827 -0.14001295 -0.2043238   0.2661843  -0.13618491  0.29466892
 -0.903967  ]
[ 0.32644055 -0.14040093 -0.2047292   0.26549572 -0.13647926  0.29395495
 -0.90387509]
[ 0.32638693 -0.14078669 -0.2051392   0.26481365 -0.13677438  0.29324176
 -0.90378478]
[ 0.32637037 -0.14115251 -0.20559055  0.26419009 -0.13707639  0.29253567
 -0.90370877]
[ 0.32635381 -0.14151832 -0.20604191  0.26356654 -0.1373784   0.29182957
 -0.90363276]
[ 0.32633725 -0.14188414 -0.20649326  0.26294299 -0.13768041  0.29112347
 -0.90355674]
[ 0.32632069 -0.14224996 -0.20694461  0.26231944 -0.13798242  0.29041737
 -0.90348073]
[ 0.32630413 -0.14261577 -0.20739597  0.26169588 -0.13828443  0.28971128
 -0.90340472]
[ 0.32628756 -0.14298159 -0.20784732  0.26107233 -0.13858645  0.28900518
 -0.90332871]
[ 0.32628383 -0.14329863 -0.20826107  0.26053753 -0.13885479  0.28837997
 -0.90326624]
[ 0.32629577 -0.14355605 -0.20862885  0.26011121 -0.13908199  0.28785364
 -0.90322031]
[ 0.32630772 -0.14381348 -0.20899663  0.25968489 -0.13930918  0.2873273
 -0.90317438]
[ 0.32631966 -0.1440709  -0.20936441  0.25925857 -0.13953638  0.28680097
 -0.90312845]
[ 0.3263316  -0.14432833 -0.20973218  0.25883226 -0.13976358  0.28627463
 -0.90308253]
[ 0.32634354 -0.14458575 -0.21009996  0.25840594 -0.13999077  0.28574829
 -0.9030366 ]
[ 0.32635549 -0.14484318 -0.21046774  0.25797962 -0.14021797  0.28522196
 -0.90299067]
[ 0.32640061 -0.14486433 -0.21057211  0.25788344 -0.14023398  0.28508269
 -0.90294342]
[ 0.32645403 -0.14482642 -0.21061061  0.2578698  -0.1401972   0.28504018
 -0.90289584]
[ 0.32650745 -0.14478851 -0.21064912  0.25785615 -0.14016041  0.28499768
 -0.90284826]
[ 0.32656086 -0.1447506  -0.21068763  0.25784251 -0.14012363  0.28495517
 -0.90280069]
[ 0.32661428 -0.14471269 -0.21072614  0.25782887 -0.14008684  0.28491267
 -0.90275311]
[ 0.3266677  -0.14467478 -0.21076465  0.25781523 -0.14005006  0.28487016
 -0.90270553]
[ 0.32676121 -0.14461212 -0.21079458  0.25776025 -0.13998055  0.28480601
 -0.90257429]
[ 0.32708189 -0.14440922 -0.21077588  0.25747104 -0.13972561  0.28461921
 -0.90196903]
[ 0.32740257 -0.14420631 -0.21075719  0.25718184 -0.13947068  0.28443242
 -0.90136376]
[ 0.32772325 -0.14400341 -0.2107385   0.25689263 -0.13921574  0.28424562
 -0.90075849]
[ 0.32804393 -0.1438005  -0.21071981  0.25660342 -0.13896081  0.28405882
 -0.90015323]
[ 0.32836461 -0.1435976  -0.21070112  0.25631422 -0.13870587  0.28387202
 -0.89954796]
[ 0.32868529 -0.1433947  -0.21068243  0.25602501 -0.13845094  0.28368523
 -0.89894269]
[ 0.32876103 -0.14320528 -0.21048255  0.25548702 -0.13815071  0.28347877
 -0.89827313]
[ 0.32859185 -0.14302935 -0.21010149  0.25470024 -0.13780519  0.28325265
 -0.89753927]
[ 0.32842267 -0.14285341 -0.20972042  0.25391347 -0.13745967  0.28302653
 -0.89680541]
[ 0.32825348 -0.14267748 -0.20933936  0.25312669 -0.13711414  0.28280041
 -0.89607155]
[ 0.3280843  -0.14250155 -0.2089583   0.25233991 -0.13676862  0.28257429
 -0.89533769]
[ 0.32791512 -0.14232562 -0.20857724  0.25155314 -0.1364231   0.28234817
 -0.89460383]
[ 0.32774594 -0.14214968 -0.20819617  0.25076636 -0.13607758  0.28212205
 -0.89386997]
[ 0.32713425 -0.14201639 -0.20754376  0.2496603  -0.13568195  0.28188623
 -0.89316502]
[ 0.32644447 -0.14189062 -0.20684345  0.2484979  -0.13527748  0.28164869
 -0.89246516]
[ 0.3257547  -0.14176486 -0.20614314  0.24733549 -0.13487301  0.28141115
 -0.89176531]
[ 0.32506492 -0.14163909 -0.20544284  0.24617308 -0.13446855  0.28117362
 -0.89106546]
[ 0.32437515 -0.14151332 -0.20474253  0.24501068 -0.13406408  0.28093608
 -0.89036561]
[ 0.32368537 -0.14138755 -0.20404223  0.24384827 -0.13365961  0.28069855
 -0.88966576]
[ 0.32290839 -0.14127755 -0.20329549  0.24264477 -0.13325139  0.28046611
 -0.88899509]
[ 0.32178255 -0.14123062 -0.20236301  0.2412769  -0.13282815  0.28025409
 -0.88844116]
[ 0.32065672 -0.14118368 -0.20143053  0.23990903 -0.13240492  0.28004207
 -0.88788723]
[ 0.31953088 -0.14113675 -0.20049804  0.23854116 -0.13198169  0.27983004
 -0.8873333 ]
[ 0.31840504 -0.14108982 -0.19956556  0.23717329 -0.13155846  0.27961802
 -0.88677937]
[ 0.31727921 -0.14104289 -0.19863308  0.23580542 -0.13113522  0.279406
 -0.88622544]
[ 0.31615337 -0.14099595 -0.1977006   0.23443755 -0.13071199  0.27919397
 -0.88567151]
[ 0.314866   -0.14100739 -0.19670889  0.23306117 -0.13030754  0.27901855
 -0.88524759]
[ 0.31344646 -0.14106657 -0.19566871  0.23167784 -0.12991846  0.27887306
 -0.88493005]
[ 0.31202691 -0.14112576 -0.19462853  0.23029451 -0.12952938  0.27872757
 -0.8846125 ]
[ 0.31060737 -0.14118495 -0.19358835  0.22891118 -0.1291403   0.27858208
 -0.88429496]
[ 0.30918783 -0.14124413 -0.19254817  0.22752785 -0.12875122  0.27843659
 -0.88397741]
[ 0.30776829 -0.14130332 -0.19150799  0.22614452 -0.12836214  0.2782911
 -0.88365987]
[ 0.30634874 -0.1413625  -0.19046781  0.22476118 -0.12797306  0.27814561
 -0.88334233]
[ 0.30482936 -0.14151552 -0.18947151  0.2235285  -0.12766062  0.27808174
 -0.88328929]
[ 0.30329889 -0.14167896 -0.18848008  0.22231256 -0.12735669  0.27802693
 -0.88326564]
[ 0.30176842 -0.1418424  -0.18748866  0.22109661 -0.12705277  0.27797212
 -0.883242  ]
[ 0.30023795 -0.14200584 -0.18649723  0.21988067 -0.12674884  0.27791732
 -0.88321835]
[ 0.29870748 -0.14216927 -0.1855058   0.21866473 -0.12644492  0.27786251
 -0.88319471]
[ 0.297177   -0.14233271 -0.18451437  0.21744878 -0.12614099  0.2778077
 -0.88317106]
[ 0.29566786 -0.14251022 -0.18357593  0.2163133  -0.12586727  0.27777354
 -0.88322525]
[ 0.29422271 -0.14272995 -0.18279643  0.21541918 -0.12568419  0.27780133
 -0.88351295]
[ 0.29277756 -0.14294968 -0.18201693  0.21452507 -0.1255011   0.27782912
 -0.88380065]
[ 0.29133241 -0.14316941 -0.18123743  0.21363095 -0.12531801  0.2778569
 -0.88408835]
[ 0.28988726 -0.14338914 -0.18045793  0.21273683 -0.12513492  0.27788469
 -0.88437605]
[ 0.28844211 -0.14360887 -0.17967843  0.21184272 -0.12495183  0.27791247
 -0.88466375]
[ 0.28699696 -0.1438286  -0.17889893  0.2109486  -0.12476875  0.27794026
 -0.88495145]
[ 0.28571222 -0.1440315  -0.17832642  0.21031311 -0.12466514  0.27799381
 -0.88540881]
[ 0.28453443 -0.14422318 -0.17789192  0.20985003 -0.12461452  0.27806453
 -0.88597928]
[ 0.28335663 -0.14441486 -0.17745741  0.20938695 -0.1245639   0.27813525
 -0.88654975]
[ 0.28217884 -0.14460654 -0.17702291  0.20892386 -0.12451328  0.27820598
 -0.88712021]
[ 0.28100104 -0.14479822 -0.1765884   0.20846078 -0.12446267  0.2782767
 -0.88769068]
[ 0.27982325 -0.1449899  -0.1761539   0.2079977  -0.12441205  0.27834742
 -0.88826115]
[ 0.27864545 -0.14518158 -0.17571939  0.20753462 -0.12436143  0.27841814
 -0.88883162]
[ 0.27786316 -0.1452647  -0.17568393  0.20753116 -0.12442181  0.27847997
 -0.8895996 ]
[ 0.27710168 -0.14534209 -0.17566948  0.20755188 -0.12448803  0.27854134
 -0.89037798]
[ 0.2763402  -0.14541949 -0.17565502  0.20757261 -0.12455426  0.2786027
 -0.89115635]
[ 0.27557872 -0.14549689 -0.17564057  0.20759333 -0.12462048  0.27866407
 -0.89193473]
[ 0.27481724 -0.14557429 -0.17562611  0.20761406 -0.1246867   0.27872543
 -0.8927131 ]
[ 0.27405577 -0.14565169 -0.17561166  0.20763479 -0.12475292  0.2787868
 -0.89349148]
[ 0.27345046 -0.14568053 -0.17572554  0.20779834 -0.12484304  0.27883415
 -0.8942988 ]
[ 0.27320955 -0.14559604 -0.17613889  0.20829514 -0.12498891  0.27884879
 -0.89517368]
[ 0.27296864 -0.14551156 -0.17655224  0.20879194 -0.12513479  0.27886344
 -0.89604855]
[ 0.27272773 -0.14542708 -0.17696559  0.20928874 -0.12528066  0.27887809
 -0.89692342]
[ 0.27248682 -0.14534259 -0.17737893  0.20978555 -0.12542653  0.27889273
 -0.8977983 ]
[ 0.27224591 -0.14525811 -0.17779228  0.21028235 -0.1255724   0.27890738
 -0.89867317]
[ 0.272005   -0.14517363 -0.17820563  0.21077915 -0.12571827  0.27892203
 -0.89954804]
[ 0.27213379 -0.14499412 -0.17886085  0.21154356 -0.12588855  0.27890522
 -0.90040263]
[ 0.27246164 -0.14476346 -0.17964631  0.21245206 -0.12607198  0.27887147
 -0.9012463 ]
[ 0.2727895  -0.14453279 -0.18043177  0.21336056 -0.1262554   0.27883773
 -0.90208996]
[ 0.27311736 -0.14430212 -0.18121723  0.21426906 -0.12643882  0.27880398
 -0.90293363]
[ 0.27344522 -0.14407145 -0.18200269  0.21517756 -0.12662225  0.27877024
 -0.90377729]
[ 0.27377308 -0.14384079 -0.18278815  0.21608606 -0.12680567  0.27873649
 -0.90462096]
[ 0.27410094 -0.14361012 -0.18357361  0.21699456 -0.12698909  0.27870275
 -0.90546462]
[ 0.27497431 -0.14330739 -0.1846202   0.21820262 -0.12718314  0.27865445
 -0.90615679]
[ 0.27584767 -0.14300466 -0.1856668   0.21941069 -0.12737719  0.27860615
 -0.90684896]
[ 0.27672104 -0.14270193 -0.18671339  0.22061876 -0.12757124  0.27855786
 -0.90754113]
[ 0.2775944  -0.1423992  -0.18775998  0.22182683 -0.12776529  0.27850956
 -0.90823329]
[ 0.27846777 -0.14209647 -0.18880658  0.2230349  -0.12795934  0.27846126
 -0.90892546]
[ 0.27934113 -0.14179374 -0.18985317  0.22424297 -0.12815339  0.27841296
 -0.90961763]
[ 0.2803675  -0.14149958 -0.1909369   0.22550366 -0.12834932  0.27837556
 -0.91022469]
[ 0.281678   -0.14122131 -0.19208958  0.22686205 -0.12854876  0.27835837
 -0.9106737 ]
[ 0.28298851 -0.14094304 -0.19324227  0.22822044 -0.12874819  0.27834119
 -0.91112271]
[ 0.28429901 -0.14066477 -0.19439496  0.22957884 -0.12894763  0.27832401
 -0.91157172]
[ 0.28560951 -0.1403865  -0.19554765  0.23093723 -0.12914706  0.27830682
 -0.91202073]
[ 0.28692002 -0.14010823 -0.19670034  0.23229562 -0.12934649  0.27828964
 -0.91246974]
[ 0.28823052 -0.13982996 -0.19785303  0.23365402 -0.12954593  0.27827245
 -0.91291874]
[ 0.28971381 -0.13961724 -0.19895795  0.23499505 -0.12974963  0.27829442
 -0.91316284]
[ 0.29127116 -0.13943262 -0.20004241  0.23632865 -0.12995517  0.27833317
 -0.91331913]
[ 0.29282851 -0.139248   -0.20112686  0.23766225 -0.13016071  0.27837192
 -0.91347541]
[ 0.29438586 -0.13906338 -0.20221132  0.23899585 -0.13036625  0.27841066
 -0.91363169]
[ 0.29594321 -0.13887876 -0.20329577  0.24032945 -0.13057178  0.27844941
 -0.91378798]
[ 0.29750056 -0.13869414 -0.20438023  0.24166305 -0.13077732  0.27848816
 -0.91394426]
[ 0.29905832 -0.13851478 -0.20545355  0.24298615 -0.13098237  0.27852902
 -0.91408563]
[ 0.30062383 -0.13843522 -0.20631526  0.24410991 -0.13117812  0.27861001
 -0.91394368]
[ 0.30218934 -0.13835567 -0.20717697  0.24523366 -0.13137387  0.278691
 -0.91380174]
[ 0.30375485 -0.13827612 -0.20803868  0.24635742 -0.13156961  0.27877199
 -0.91365979]
[ 0.30532036 -0.13819656 -0.20890039  0.24748117 -0.13176536  0.27885298
 -0.91351784]
[ 0.30688587 -0.13811701 -0.2097621   0.24860492 -0.13196111  0.27893397
 -0.9133759 ]
[ 0.30845138 -0.13803746 -0.21062381  0.24972868 -0.13215686  0.27901496
 -0.91323395]
[ 0.30992628 -0.13798544 -0.21135523  0.25070061 -0.13233357  0.27909578
 -0.91298424]
[ 0.31126526 -0.13797475 -0.21189121  0.25144481 -0.13248171  0.27917637
 -0.91257287]
[ 0.31260424 -0.13796405 -0.21242719  0.25218901 -0.13262986  0.27925695
 -0.91216151]
[ 0.31394323 -0.13795335 -0.21296317  0.2529332  -0.13277801  0.27933753
 -0.91175015]
[ 0.31528221 -0.13794265 -0.21349915  0.2536774  -0.13292615  0.27941811
 -0.91133879]
[ 0.3166212  -0.13793195 -0.21403513  0.2544216  -0.1330743   0.2794987
 -0.91092743]
[ 0.31796018 -0.13792126 -0.21457112  0.2551658  -0.13322244  0.27957928
 -0.91051607]
[ 0.31898922 -0.13792535 -0.21482835  0.25553445 -0.13330193  0.27962527
 -0.90994276]
[ 0.31991496 -0.13793437 -0.21499268  0.25577793 -0.13335853  0.27965974
 -0.90931547]
[ 0.32084069 -0.13794339 -0.215157    0.2560214  -0.13341513  0.2796942
 -0.90868819]
[ 0.32176642 -0.13795242 -0.21532133  0.25626487 -0.13347174  0.27972866
 -0.9080609 ]
[ 0.32269215 -0.13796144 -0.21548565  0.25650834 -0.13352834  0.27976313
 -0.90743362]
[ 0.32361788 -0.13797046 -0.21564998  0.25675181 -0.13358494  0.27979759
 -0.90680633]
[ 0.32449077 -0.13797828 -0.215777    0.25694094 -0.13362946  0.2798248
 -0.90616498]
[ 0.32488808 -0.13797529 -0.2155683   0.25664104 -0.13356525  0.2797867
 -0.90539699]
[ 0.3252854  -0.1379723  -0.21535961  0.25634113 -0.13350103  0.2797486
 -0.904629  ]
[ 0.32568271 -0.13796931 -0.21515091  0.25604123 -0.13343682  0.27971049
 -0.90386101]
[ 0.32608002 -0.13796632 -0.21494221  0.25574132 -0.13337261  0.27967239
 -0.90309302]
[ 0.32647733 -0.13796332 -0.21473352  0.25544142 -0.1333084   0.27963429
 -0.90232503]
[ 0.32687465 -0.13796033 -0.21452482  0.25514151 -0.13324418  0.27959619
 -0.90155704]
[ 0.32701698 -0.13795119 -0.21416185  0.25461847 -0.13312479  0.27952668
 -0.90076879]
[ 0.32684768 -0.13793453 -0.21361031  0.25382269 -0.13293794  0.27941879
 -0.89995576]
[ 0.32667838 -0.13791788 -0.21305877  0.25302692 -0.1327511   0.2793109
 -0.89914273]
[ 0.32650908 -0.13790122 -0.21250723  0.25223114 -0.13256425  0.27920301
 -0.8983297 ]
[ 0.32633977 -0.13788456 -0.2119557   0.25143537 -0.13237741  0.27909512
 -0.89751667]
[ 0.32617047 -0.1378679  -0.21140416  0.25063959 -0.13219056  0.27898723
 -0.89670364]
[ 0.32600117 -0.13785125 -0.21085262  0.24984382 -0.13200371  0.27887934
 -0.8958906 ]
[ 0.32540568 -0.13784499 -0.21007226  0.24875146 -0.13174082  0.27873971
 -0.89512741]
[ 0.32470366 -0.13784132 -0.2092347   0.24758497 -0.13145891  0.27859213
 -0.89437668]
[ 0.32400163 -0.13783766 -0.20839714  0.24641847 -0.131177    0.27844456
 -0.89362595]
[ 0.3232996  -0.137834   -0.20755958  0.24525197 -0.1308951   0.27829699
 -0.89287521]
[ 0.32259757 -0.13783034 -0.20672202  0.24408547 -0.13061319  0.27814942
 -0.89212448]
[ 0.32189554 -0.13782668 -0.20588445  0.24291897 -0.13033128  0.27800185
 -0.89137375]
[ 0.32112826 -0.13783125 -0.20501713  0.24172295 -0.13004265  0.27785539
 -0.89064788]
[ 0.31999125 -0.13788246 -0.20398119  0.24035963 -0.12971589  0.27771521
 -0.89006294]
[ 0.31885424 -0.13793368 -0.20294525  0.2389963  -0.12938913  0.27757504
 -0.88947799]
[ 0.31771723 -0.1379849  -0.20190931  0.23763298 -0.12906237  0.27743486
 -0.88889304]
[ 0.31658021 -0.13803611 -0.20087336  0.23626966 -0.12873561  0.27729468
 -0.88830809]
[ 0.3154432  -0.13808733 -0.19983742  0.23490633 -0.12840885  0.27715451
 -0.88772314]
[ 0.31430619 -0.13813855 -0.19880148  0.23354301 -0.1280821   0.27701433
 -0.88713819]
[ 0.31302749 -0.13823433 -0.19772858  0.23217693 -0.12776306  0.2769012
 -0.88667795]
[ 0.31160711 -0.13837467 -0.19661873  0.23080811 -0.12745173  0.27681511
 -0.88634241]
[ 0.31018673 -0.13851502 -0.19550888  0.22943928 -0.12714041  0.27672903
 -0.88600687]
[ 0.30876635 -0.13865536 -0.19439903  0.22807045 -0.12682909  0.27664294
 -0.88567132]
[ 0.30734597 -0.1387957  -0.19328919  0.22670162 -0.12651777  0.27655685
 -0.88533578]
[ 0.30592559 -0.13893605 -0.19217934  0.22533279 -0.12620645  0.27647076
 -0.88500024]
[ 0.30450521 -0.13907639 -0.19106949  0.22396396 -0.12589513  0.27638468
 -0.8846647 ]
[ 0.3030035  -0.13929217 -0.1900285   0.22274537 -0.12564404  0.27636684
 -0.8845857 ]
[ 0.30148744 -0.13952125 -0.18899967  0.22155329 -0.12540359  0.27636105
 -0.88455198]
[ 0.29997137 -0.13975034 -0.18797083  0.22036121 -0.12516313  0.27635526
 -0.88451826]
[ 0.29845531 -0.13997943 -0.186942    0.21916912 -0.12492267  0.27634946
 -0.88448454]
[ 0.29693924 -0.14020852 -0.18591316  0.21797704 -0.12468222  0.27634367
 -0.88445082]
[ 0.29542318 -0.1404376  -0.18488433  0.21678496 -0.12444176  0.27633788
 -0.8844171 ]
[ 0.29392732 -0.14067468 -0.18390336  0.21565869 -0.12422307  0.27634654
 -0.88444639]
[ 0.2925123  -0.14094374 -0.18311385  0.21479569 -0.12409141  0.276413
 -0.88472772]
[ 0.29109728 -0.14121279 -0.18232435  0.21393269 -0.12395976  0.27647946
 -0.88500905]
[ 0.28968227 -0.14148185 -0.18153485  0.21306968 -0.1238281   0.27654593
 -0.88529039]
[ 0.28826725 -0.14175091 -0.18074534  0.21220668 -0.12369644  0.27661239
 -0.88557172]
[ 0.28685223 -0.14201996 -0.17995584  0.21134368 -0.12356479  0.27667885
 -0.88585305]
[ 0.28543721 -0.14228902 -0.17916633  0.21048067 -0.12343313  0.27674531
 -0.88613439]
[ 0.28417641 -0.14253391 -0.17857738  0.20985703 -0.12336835  0.2768299
 -0.88657124]
[ 0.28304179 -0.14275902 -0.17815252  0.20942923 -0.12335827  0.27692932
 -0.88713534]
[ 0.28190717 -0.14298413 -0.17772766  0.20900142 -0.12334819  0.27702874
 -0.88769945]
[ 0.28077255 -0.14320925 -0.1773028   0.20857362 -0.12333812  0.27712815
 -0.88826355]
[ 0.27963793 -0.14343436 -0.17687794  0.20814582 -0.12332804  0.27722757
 -0.88882765]
[ 0.27850331 -0.14365948 -0.17645308  0.20771801 -0.12331797  0.27732699
 -0.88939175]
[ 0.27736869 -0.14388459 -0.17602822  0.20729021 -0.12330789  0.27742641
 -0.88995586]
[ 0.27661703 -0.14399568 -0.17599127  0.20729826 -0.12339408  0.27751008
 -0.89070397]
[ 0.27590792 -0.14409409 -0.17599742  0.20735474 -0.12349096  0.277592
 -0.89147254]
[ 0.2751988  -0.1441925  -0.17600357  0.20741123 -0.12358784  0.27767393
 -0.8922411 ]
[ 0.27448969 -0.14429091 -0.17600973  0.20746771 -0.12368472  0.27775585
 -0.89300966]
[ 0.27378058 -0.14438933 -0.17601588  0.20752419 -0.1237816   0.27783777
 -0.89377822]
[ 0.27307146 -0.14448774 -0.17602203  0.20758067 -0.12387848  0.2779197
 -0.89454679]
[ 0.27249373 -0.14454407 -0.17613591  0.2077554  -0.12399319  0.27798877
 -0.89533805]
[ 0.27231011 -0.14447413 -0.17657297  0.20828487 -0.12416139  0.27801931
 -0.89619739]
[ 0.2721265  -0.1444042  -0.17701004  0.20881435 -0.1243296   0.27804985
 -0.89705673]
[ 0.27194288 -0.14433427 -0.1774471   0.20934382 -0.1244978   0.27808039
 -0.89791607]
[ 0.27175927 -0.14426434 -0.17788417  0.20987329 -0.124666    0.27811093
 -0.89877541]
[ 0.27157565 -0.1441944  -0.17832124  0.21040276 -0.1248342   0.27814147
 -0.89963475]
[ 0.27139204 -0.14412447 -0.1787583   0.21093223 -0.1250024   0.278172
 -0.90049409]
[ 0.27154967 -0.14396686 -0.17941665  0.2117049  -0.12518973  0.27817305
 -0.90133083]
[ 0.2719348  -0.14375079 -0.18022253  0.2126397  -0.12538981  0.27815443
 -0.9021525 ]
[ 0.27231993 -0.14353472 -0.1810284   0.2135745  -0.12558989  0.27813581
 -0.90297417]
[ 0.27270507 -0.14331865 -0.18183428  0.21450931 -0.12578997  0.27811719
 -0.90379584]
[ 0.2730902  -0.14310259 -0.18264015  0.21544411 -0.12599005  0.27809857
 -0.90461751]
[ 0.27347533 -0.14288652 -0.18344602  0.21637891 -0.12619013  0.27807995
 -0.90543918]
[ 0.27386046 -0.14267045 -0.1842519   0.21731371 -0.12639022  0.27806133
 -0.90626085]
[ 0.27475818 -0.14239015 -0.18529762  0.21852463 -0.12659814  0.27803041
 -0.90693339]
[ 0.27568288 -0.14210647 -0.18635596  0.21975007 -0.12680648  0.27799884
 -0.90759809]
[ 0.27660759 -0.1418228  -0.18741431  0.22097552 -0.12701481  0.27796727
 -0.90826278]
[ 0.27753229 -0.14153912 -0.18847265  0.22220096 -0.12722315  0.2779357
 -0.90892747]
[ 0.27845699 -0.14125544 -0.189531    0.22342641 -0.12743149  0.27790414
 -0.90959217]
[ 0.27938169 -0.14097176 -0.19058934  0.22465185 -0.12763983  0.27787257
 -0.91025686]
[ 0.28043371 -0.14069685 -0.19167578  0.22591911 -0.12784969  0.27785075
 -0.91084763]
[ 0.28178279 -0.14044239 -0.19282775  0.22728391 -0.1280631   0.27785168
 -0.91126591]
[ 0.28313188 -0.14018793 -0.19397972  0.22864872 -0.12827651  0.27785262
 -0.91168419]
[ 0.28448096 -0.13993348 -0.19513169  0.23001353 -0.12848992  0.27785355
 -0.91210246]
[ 0.28583004 -0.13967902 -0.19628366  0.23137834 -0.12870333  0.27785449
 -0.91252074]
[ 0.28717913 -0.13942456 -0.19743563  0.23274314 -0.12891674  0.27785542
 -0.91293902]
[ 0.28852821 -0.13917011 -0.1985876   0.23410795 -0.12913015  0.27785635
 -0.9133573 ]
[ 0.29002597 -0.13897716 -0.19968665  0.23544871 -0.12934705  0.27789282
 -0.91358537]
[ 0.29160378 -0.13881734 -0.2007572   0.23677651 -0.12956582  0.27794841
 -0.91371102]
[ 0.29318159 -0.13865751 -0.20182775  0.23810432 -0.12978459  0.27800401
 -0.91383666]
[ 0.2947594  -0.13849769 -0.2028983   0.23943213 -0.13000337  0.27805961
 -0.91396231]
[ 0.29633721 -0.13833786 -0.20396885  0.24075993 -0.13022214  0.2781152
 -0.91408796]
[ 0.29791503 -0.13817804 -0.2050394   0.24208774 -0.13044091  0.2781708
 -0.91421361]
[ 0.29949284 -0.13801821 -0.20610995  0.24341555 -0.13065968  0.2782264
 -0.91433926]
[ 0.30105909 -0.13795974 -0.20694746  0.24452133 -0.13086572  0.27831997
 -0.91416965]
[ 0.30262534 -0.13790127 -0.20778498  0.24562711 -0.13107176  0.27841355
 -0.91400003]
[ 0.30419159 -0.13784281 -0.20862249  0.24673289 -0.1312778   0.27850713
 -0.91383042]
[ 0.30575785 -0.13778434 -0.20946     0.24783867 -0.13148384  0.27860071
 -0.9136608 ]
[ 0.3073241  -0.13772587 -0.21029752  0.24894445 -0.13168988  0.27869429
 -0.91349119]
[ 0.30889035 -0.1376674  -0.21113503  0.25005023 -0.13189592  0.27878787
 -0.91332158]
[ 0.3103713  -0.1376308  -0.21185664  0.25101962 -0.13208368  0.27887937
 -0.91305939]
[ 0.31169385 -0.13763482 -0.21236299  0.25173572 -0.1322375   0.27896701
 -0.9126253 ]
[ 0.31301639 -0.13763884 -0.21286934  0.25245182 -0.13239132  0.27905465
 -0.9121912 ]
[ 0.31433893 -0.13764287 -0.2133757   0.25316792 -0.13254514  0.2791423
 -0.9117571 ]
[ 0.31566147 -0.13764689 -0.21388205  0.25388403 -0.13269896  0.27922994
 -0.911323  ]
[ 0.31698401 -0.13765091 -0.2143884   0.25460013 -0.13285277  0.27931758
 -0.9108889 ]
[ 0.31830655 -0.13765493 -0.21489475  0.25531623 -0.13300659  0.27940522
 -0.91045481]
[ 0.31933139 -0.13766872 -0.21514016  0.2556778  -0.1330932   0.27945732
 -0.90987385]
[ 0.32022864 -0.13768669 -0.21527373  0.25588743 -0.13315099  0.27949417
 -0.90922995]
[ 0.32112589 -0.13770466 -0.2154073   0.25609706 -0.13320879  0.27953103
 -0.90858606]
[ 0.32202315 -0.13772264 -0.21554087  0.25630669 -0.13326659  0.27956789
 -0.90794216]
[ 0.3229204  -0.13774061 -0.21567444  0.25651632 -0.13332439  0.27960474
 -0.90729827]
[ 0.32381765 -0.13775858 -0.21580801  0.25672595 -0.13338219  0.2796416
 -0.90665437]
[ 0.32468817 -0.13777578 -0.21592302  0.25690841 -0.1334338   0.27967471
 -0.9060038 ]
[ 0.32505075 -0.1377782  -0.21568536  0.25657471 -0.13336791  0.27963653
 -0.90522631]
[ 0.32541334 -0.13778061 -0.21544771  0.25624102 -0.13330203  0.27959836
 -0.90444882]
[ 0.32577592 -0.13778303 -0.21521005  0.25590732 -0.13323614  0.27956019
 -0.90367133]
[ 0.32613851 -0.13778545 -0.2149724   0.25557362 -0.13317025  0.27952201
 -0.90289384]
[ 0.3265011  -0.13778787 -0.21473474  0.25523992 -0.13310436  0.27948384
 -0.90211635]
[ 0.32686368 -0.13779028 -0.21449709  0.25490622 -0.13303847  0.27944567
 -0.90133886]
[ 0.32699932 -0.13778693 -0.2141238   0.2543765  -0.1329233   0.27937955
 -0.90054645]
[ 0.32679455 -0.13777491 -0.21354706  0.25355275 -0.13273421  0.27927152
 -0.89973168]
[ 0.32658978 -0.1377629  -0.21297032  0.25272899 -0.13254511  0.27916348
 -0.8989169 ]
[ 0.32638501 -0.13775089 -0.21239358  0.25190524 -0.13235602  0.27905545
 -0.89810212]
[ 0.32618024 -0.13773887 -0.21181684  0.25108149 -0.13216692  0.27894741
 -0.89728734]
[ 0.32597547 -0.13772686 -0.2112401   0.25025774 -0.13197783  0.27883938
 -0.89647256]
[ 0.3257707  -0.13771484 -0.21066336  0.24943398 -0.13178873  0.27873135
 -0.89565779]
[ 0.32516947 -0.13771349 -0.20987632  0.24833971 -0.13152945  0.2785949
 -0.89489553]
[ 0.32443609 -0.13771569 -0.20901918  0.24715526 -0.13124678  0.27844898
 -0.89415078]
[ 0.32370271 -0.13771789 -0.20816204  0.24597081 -0.13096411  0.27830306
 -0.89340603]
[ 0.32296932 -0.1377201  -0.20730491  0.24478637 -0.13068143  0.27815714
 -0.89266128]
[ 0.32223594 -0.1377223  -0.20644777  0.24360192 -0.13039876  0.27801122
 -0.89191653]
[ 0.32150256 -0.1377245  -0.20559063  0.24241747 -0.13011609  0.2778653
 -0.89117178]
[ 0.3207265  -0.13773238 -0.20471443  0.24121455 -0.12982921  0.27772038
 -0.89044427]
[ 0.31956632 -0.13779143 -0.20366669  0.23984536 -0.12950454  0.27758446
 -0.88987189]
[ 0.31840614 -0.13785047 -0.20261894  0.23847618 -0.12917986  0.27744855
 -0.8892995 ]
[ 0.31724596 -0.13790951 -0.2015712   0.23710699 -0.12885518  0.27731263
 -0.88872712]
[ 0.31608578 -0.13796856 -0.20052346  0.2357378  -0.12853051  0.27717671
 -0.88815474]
[ 0.3149256  -0.1380276  -0.19947572  0.23436861 -0.12820583  0.2770408
 -0.88758235]
[ 0.31376542 -0.13808664 -0.19842797  0.23299943 -0.12788116  0.27690488
 -0.88700997]
[ 0.31248283 -0.13818612 -0.19735151  0.2316333  -0.12756487  0.27679427
 -0.88655195]
[ 0.31105063 -0.138335   -0.19623994  0.23027091 -0.12725884  0.27671457
 -0.88623371]
[ 0.30961843 -0.13848389 -0.19512837  0.22890852 -0.12695281  0.27663487
 -0.88591548]
[ 0.30818622 -0.13863278 -0.19401679  0.22754613 -0.12664677  0.27655517
 -0.88559724]
[ 0.30675402 -0.13878167 -0.19290522  0.22618374 -0.12634074  0.27647548
 -0.885279  ]
[ 0.30532182 -0.13893055 -0.19179365  0.22482135 -0.12603471  0.27639578
 -0.88496076]
[ 0.30388961 -0.13907944 -0.19068208  0.22345896 -0.12572868  0.27631608
 -0.88464252]
[ 0.30239122 -0.13929764 -0.18964432  0.22224675 -0.12548142  0.27630081
 -0.88456758]
[ 0.30087628 -0.13953316 -0.18862501  0.22107209 -0.12524887  0.27630165
 -0.88455346]
[ 0.29936134 -0.13976869 -0.1876057   0.21989743 -0.12501631  0.27630249
 -0.88453934]
[ 0.2978464  -0.14000422 -0.18658639  0.21872277 -0.12478375  0.27630333
 -0.88452522]
[ 0.29633146 -0.14023974 -0.18556708  0.21754811 -0.12455119  0.27630416
 -0.8845111 ]
[ 0.29481652 -0.14047527 -0.18454777  0.21637345 -0.12431864  0.276305
 -0.88449698]
[ 0.29331861 -0.14071603 -0.18356587  0.21524941 -0.12410258  0.27631638
 -0.88453003]
[ 0.29191721 -0.14098645 -0.18279594  0.21441221 -0.12398004  0.27638746
 -0.88483039]
[ 0.29051581 -0.14125687 -0.18202601  0.21357501 -0.12385751  0.27645854
 -0.88513075]
[ 0.28911441 -0.14152729 -0.18125609  0.21273781 -0.12373497  0.27652962
 -0.88543111]
[ 0.28771301 -0.1417977  -0.18048616  0.2119006  -0.12361243  0.2766007
 -0.88573147]
[ 0.28631161 -0.14206812 -0.17971623  0.2110634  -0.12348989  0.27667178
 -0.88603183]
[ 0.28491021 -0.14233854 -0.17894631  0.2102262  -0.12336736  0.27674286
 -0.88633219]
[ 0.28365436 -0.14258391 -0.17836204  0.20960908 -0.12330538  0.27682872
 -0.88677214]
[ 0.28254405 -0.14280421 -0.17796343  0.20921206 -0.12330397  0.27692936
 -0.88735168]
[ 0.28143375 -0.14302451 -0.17756483  0.20881503 -0.12330256  0.27703
 -0.88793122]
[ 0.28032345 -0.14324482 -0.17716622  0.20841801 -0.12330115  0.27713064
 -0.88851076]
[ 0.27921314 -0.14346512 -0.17676762  0.20802098 -0.12329973  0.27723128
 -0.8890903 ]
[ 0.27810284 -0.14368543 -0.17636901  0.20762395 -0.12329832  0.27733192
 -0.88966984]
[ 0.27699254 -0.14390573 -0.17597041  0.20722693 -0.12329691  0.27743255
 -0.89024938]
[ 0.27625071 -0.14401447 -0.17594007  0.20724246 -0.12338466  0.27751564
 -0.89099727]
[ 0.2755739  -0.14410353 -0.17597473  0.2073308  -0.12348815  0.27759562
 -0.89177488]
[ 0.2748971  -0.14419258 -0.17600938  0.20741913 -0.12359163  0.27767561
 -0.89255249]
[ 0.2742203  -0.14428164 -0.17604404  0.20750747 -0.12369512  0.27775559
 -0.8933301 ]
[ 0.27354349 -0.14437069 -0.17607869  0.20759581 -0.12379861  0.27783557
 -0.89410771]
[ 0.27286669 -0.14445975 -0.17611335  0.20768415 -0.12390209  0.27791556
 -0.89488532]
[ 0.27229593 -0.14451498 -0.17623377  0.20786652 -0.12401928  0.27798503
 -0.89567946]
[ 0.27214931 -0.14443495 -0.17669723  0.20842505 -0.12419123  0.27801246
 -0.89653974]
[ 0.2720027  -0.14435492 -0.17716069  0.20898357 -0.12436319  0.27803989
 -0.89740001]
[ 0.27185608 -0.14427489 -0.17762416  0.2095421  -0.12453515  0.27806731
 -0.89826029]
[ 0.27170947 -0.14419486 -0.17808762  0.21010062 -0.12470711  0.27809474
 -0.89912056]
[ 0.27156286 -0.14411482 -0.17855109  0.21065915 -0.12487907  0.27812217
 -0.89998084]
[ 0.27141624 -0.14403479 -0.17901455  0.21121768 -0.12505103  0.2781496
 -0.90084111]
[ 0.27158269 -0.14387633 -0.17967759  0.21199577 -0.12523927  0.27815076
 -0.90167615]
[ 0.27200527 -0.14365371 -0.18050393  0.21295349 -0.12544084  0.27813044
 -0.90249055]
[ 0.27242786 -0.14343108 -0.18133027  0.21391122 -0.1256424   0.27811012
 -0.90330494]
[ 0.27285045 -0.14320846 -0.18215661  0.21486895 -0.12584397  0.2780898
 -0.90411934]
[ 0.27327303 -0.14298583 -0.18298294  0.21582668 -0.12604553  0.27806949
 -0.90493373]
[ 0.27369562 -0.14276321 -0.18380928  0.21678441 -0.12624709  0.27804917
 -0.90574812]
[ 0.27411821 -0.14254058 -0.18463562  0.21774214 -0.12644866  0.27802885
 -0.90656252]
[ 0.27502205 -0.14226271 -0.18568088  0.21895346 -0.12665694  0.27799961
 -0.90722945]
[ 0.27597938 -0.14197869 -0.18675048  0.22019296 -0.12686597  0.27796938
 -0.90788   ]
[ 0.2769367  -0.14169468 -0.18782007  0.22143245 -0.12707501  0.27793916
 -0.90853055]
[ 0.27789402 -0.14141066 -0.18888966  0.22267194 -0.12728404  0.27790893
 -0.9091811 ]
[ 0.27885135 -0.14112665 -0.18995926  0.22391144 -0.12749307  0.2778787
 -0.90983165]
[ 0.27980867 -0.14084264 -0.19102885  0.22515093 -0.1277021   0.27784847
 -0.9104822 ]
[ 0.28086944 -0.14056735 -0.19211903  0.22642257 -0.12791244  0.27782697
 -0.91107005]
[ 0.28224054 -0.14031823 -0.19327095  0.22779063 -0.12812672  0.27783164
 -0.91146983]
[ 0.28361164 -0.14006911 -0.19442287  0.22915869 -0.12834099  0.2778363
 -0.91186961]
[ 0.28498274 -0.13981999 -0.19557479  0.23052675 -0.12855526  0.27784097
 -0.91226939]
[ 0.28635384 -0.13957087 -0.19672672  0.23189482 -0.12876953  0.27784564
 -0.91266917]
[ 0.28772495 -0.13932175 -0.19787864  0.23326288 -0.12898381  0.2778503
 -0.91306894]
[ 0.28909605 -0.13907263 -0.19903056  0.23463094 -0.12919808  0.27785497
 -0.91346872]
[ 0.29059546 -0.13888164 -0.20012698  0.23596958 -0.1294153   0.27789246
 -0.91369209]
[ 0.2921804  -0.1387294  -0.20118641  0.2372886  -0.12963447  0.27795184
 -0.91379785]
[ 0.29376534 -0.13857716 -0.20224583  0.23860763 -0.12985365  0.27801122
 -0.91390361]
[ 0.29535029 -0.13842492 -0.20330525  0.23992665 -0.13007283  0.2780706
 -0.91400937]
[ 0.29693523 -0.13827269 -0.20436467  0.24124567 -0.13029201  0.27812998
 -0.91411513]
[ 0.29852018 -0.13812045 -0.20542409  0.2425647  -0.13051119  0.27818935
 -0.91422089]
[ 0.30010512 -0.13796821 -0.20648351  0.24388372 -0.13073037  0.27824873
 -0.91432665]
[ 0.30166387 -0.13791074 -0.20731373  0.24498066 -0.13093548  0.27834196
 -0.91415305]
[ 0.30322124 -0.13785825 -0.20813188  0.2460659  -0.13113984  0.27843698
 -0.91396474]
[ 0.30477862 -0.13780577 -0.20895003  0.24715115 -0.1313442   0.27853199
 -0.91377644]
[ 0.30633599 -0.13775328 -0.20976818  0.24823639 -0.13154857  0.27862701
 -0.91358813]
[ 0.30789336 -0.1377008  -0.21058634  0.24932164 -0.13175293  0.27872202
 -0.91339983]
[ 0.30945074 -0.13764831 -0.21140449  0.25040688 -0.1319573   0.27881704
 -0.91321152]
[ 0.31093747 -0.1376137  -0.21212376  0.25137499 -0.13214573  0.27890969
 -0.91294136]
[ 0.31225936 -0.13762078 -0.21261231  0.2520698  -0.13229699  0.27899683
 -0.91248022]
[ 0.31358126 -0.13762786 -0.21310085  0.2527646  -0.13244824  0.27908397
 -0.91201908]
[ 0.31490315 -0.13763495 -0.2135894   0.2534594  -0.1325995   0.27917111
 -0.91155794]
[ 0.31622505 -0.13764203 -0.21407794  0.2541542  -0.13275076  0.27925825
 -0.91109679]
[ 0.31754694 -0.13764912 -0.21456649  0.254849   -0.13290202  0.27934539
 -0.91063565]
[ 0.31886884 -0.1376562  -0.21505503  0.2555438  -0.13305327  0.27943253
 -0.91017451]
[ 0.31978017 -0.13767175 -0.21529553  0.25590053 -0.13314062  0.2794854
 -0.90970039]
[ 0.32047042 -0.13769185 -0.21540246  0.25607522 -0.13319356  0.27951982
 -0.90921929]
[ 0.32116067 -0.13771196 -0.2155094   0.2562499  -0.1332465   0.27955423
 -0.90873819]
[ 0.32185093 -0.13773206 -0.21561633  0.25642459 -0.13329944  0.27958865
 -0.90825708]
[ 0.32254118 -0.13775216 -0.21572326  0.25659928 -0.13335238  0.27962306
 -0.90777598]
[ 0.32323144 -0.13777227 -0.2158302   0.25677397 -0.13340532  0.27965748
 -0.90729488]
[ 0.32392169 -0.13779237 -0.21593713  0.25694865 -0.13345826  0.27969189
 -0.90681378]