[ 0.33302997 -0.12103224 -0.19643651  0.29964817 -0.12438054  0.32176482
 -0.9106701 ]
[ 0.33251123 -0.12220662 -0.19637638  0.29767115 -0.12503791  0.32047413
 -0.91014357]
[ 0.33199249 -0.123381   -0.19631626  0.29569413 -0.12569528  0.31918343
 -0.90961704]
[ 0.33147375 -0.12455539 -0.19625613  0.29371711 -0.12635265  0.31789274
 -0.9090905 ]
[ 0.33099213 -0.12567651 -0.19629379  0.29180435 -0.12698568  0.31659238
 -0.90860888]
[ 0.33056495 -0.12671952 -0.19647488  0.28998584 -0.12758301  0.31527787
 -0.90819313]
[ 0.33013778 -0.12776254 -0.19665597  0.28816733 -0.12818034  0.31396335
 -0.90777738]
[ 0.3297106  -0.12880555 -0.19683706  0.28634882 -0.12877767  0.31264884
 -0.90736162]
[ 0.32935231 -0.12975957 -0.19717227  0.28465183 -0.12934556  0.31132423
 -0.90701655]
[ 0.3290101  -0.13069283 -0.19754344  0.28298319 -0.12990658  0.30999728
 -0.90668798]
[ 0.32866789 -0.13162608 -0.1979146   0.28131455 -0.13046761  0.30867032
 -0.90635941]
[ 0.32834314 -0.13254006 -0.19831878  0.27967608 -0.13102475  0.30734235
 -0.90604545]
[ 0.32808169 -0.13338419 -0.19884261  0.27814696 -0.13156784  0.3060107
 -0.90578449]
[ 0.32782024 -0.13422831 -0.19936644  0.27661784 -0.13211094  0.30467905
 -0.90552352]
[ 0.32755879 -0.13507244 -0.19989027  0.27508871 -0.13265403  0.30334739
 -0.90526256]
[ 0.32734628 -0.13587239 -0.20049142  0.27364139 -0.13319448  0.3020172
 -0.90503383]
[ 0.32716355 -0.13664545 -0.20113962  0.27224386 -0.13373332  0.3006879
 -0.90482471]
[ 0.32698082 -0.13741851 -0.20178782  0.27084632 -0.13427216  0.2993586
 -0.90461559]
[ 0.32680018 -0.13819009 -0.2024388   0.26945218 -0.13481117  0.29802953
 -0.90440754]
[ 0.32669481 -0.13890812 -0.20318946  0.26817994 -0.13535625  0.29670908
 -0.90423779]
[ 0.32658943 -0.13962614 -0.20394011  0.26690771 -0.13590134  0.29538863
 -0.90406803]
[ 0.32648405 -0.14034417 -0.20469077  0.26563548 -0.13644642  0.29406818
 -0.90389828]
[ 0.32641161 -0.1410445  -0.20547817  0.26441527 -0.13699761  0.29275405
 -0.90374125]
[ 0.32638238 -0.14172162 -0.2063138   0.26326334 -0.13755682  0.29144822
 -0.90360094]
[ 0.32635316 -0.14239874 -0.20714942  0.2621114  -0.13811603  0.29014238
 -0.90346063]
[ 0.32632394 -0.14307585 -0.20798505  0.26095947 -0.13867524  0.28883654
 -0.90332032]
[ 0.3263386  -0.143585   -0.20869095  0.26011287 -0.13911845  0.28780919
 -0.90322653]
[ 0.32636176 -0.14406163 -0.20937174  0.25932538 -0.1395392   0.28683573
 -0.90314174]
[ 0.32638491 -0.14453826 -0.21005253  0.25853788 -0.13995996  0.28586227
 -0.90305695]
[ 0.32642628 -0.14488195 -0.21058489  0.25793557 -0.14026181  0.28510648
 -0.9029713 ]
[ 0.32652431 -0.14481204 -0.21065546  0.25790941 -0.14019371  0.28502784
 -0.90288297]
[ 0.32662234 -0.14474213 -0.21072604  0.25788324 -0.14012561  0.28494921
 -0.90279464]
[ 0.32672036 -0.14467222 -0.21079662  0.25785707 -0.14005752  0.28487057
 -0.90270631]
[ 0.32713534 -0.14440448 -0.21079605  0.25749652 -0.13972698  0.28461856
 -0.90194792]
[ 0.327722   -0.1440296  -0.21075696  0.25695485 -0.13925429  0.28427263
 -0.90082658]
[ 0.32830866 -0.14365471 -0.21071786  0.25641317 -0.13878159  0.2839267
 -0.89970524]
[ 0.3288465  -0.1432825  -0.21064267  0.25582193 -0.13829987  0.28357684
 -0.89857112]
[ 0.32853002 -0.14295711 -0.20993575  0.25436334 -0.13766008  0.28315821
 -0.89721335]
[ 0.32821353 -0.14263173 -0.20922884  0.25290475 -0.13702029  0.28273957
 -0.89585557]
[ 0.32789704 -0.14230634 -0.20852193  0.25144616 -0.1363805   0.28232094
 -0.8944978 ]
[ 0.32713984 -0.14202339 -0.20754484  0.24966981 -0.13569072  0.28189263
 -0.89316901]
[ 0.32586416 -0.14179037 -0.20624989  0.24751963 -0.13494215  0.28145292
 -0.89187433]
[ 0.32458847 -0.14155734 -0.20495494  0.24536944 -0.13419357  0.28101322
 -0.89057965]
[ 0.32331279 -0.14132431 -0.20366     0.24321926 -0.13344499  0.28057351
 -0.88928497]
[ 0.3213417  -0.14121685 -0.20199453  0.24074117 -0.13266628  0.28017435
 -0.88822273]
[ 0.31926196 -0.14112901 -0.20027117  0.23821185 -0.13188285  0.27978154
 -0.88719681]
[ 0.31718222 -0.14104116 -0.19854781  0.23568253 -0.13109943  0.27938872
 -0.88617089]
[ 0.31495572 -0.14100622 -0.19677031  0.23314504 -0.13033287  0.279029
 -0.88526253]
[ 0.31233298 -0.14111412 -0.19484664  0.23058547 -0.12961183  0.27875865
 -0.88467162]
[ 0.30971023 -0.14122203 -0.19292297  0.22802591 -0.12889079  0.2784883
 -0.88408071]
[ 0.30708749 -0.14132993 -0.19099931  0.22546635 -0.12816976  0.27821795
 -0.8834898 ]
[ 0.30432426 -0.14156832 -0.18913433  0.22311336 -0.12755432  0.27806068
 -0.88326453]
[ 0.30149359 -0.14186936 -0.18729754  0.22085952 -0.12698958  0.27795769
 -0.88321476]
[ 0.29866293 -0.14217039 -0.18546074  0.21860569 -0.12642484  0.27785471
 -0.883165  ]
[ 0.29584464 -0.14248001 -0.18365531  0.21639969 -0.12587813  0.27776415
 -0.88316178]
[ 0.29316664 -0.14288695 -0.1822054   0.21473579 -0.12553578  0.2778144
 -0.88368605]
[ 0.29048864 -0.1432939  -0.18075549  0.21307189 -0.12519344  0.27786465
 -0.88421032]
[ 0.28781064 -0.14370084 -0.17930557  0.21140799 -0.1248511   0.27791491
 -0.8847346 ]
[ 0.28536981 -0.14408404 -0.17816349  0.21012931 -0.12462772  0.27800447
 -0.88551326]
[ 0.28317934 -0.14444219 -0.17734632  0.20925724 -0.12452991  0.27813553
 -0.88656043]
[ 0.28098886 -0.14480034 -0.17652916  0.20838518 -0.1244321   0.27826659
 -0.88760761]
[ 0.27879838 -0.14515849 -0.175712    0.20751312 -0.1243343   0.27839764
 -0.88865479]
[ 0.27728776 -0.14533081 -0.17558409  0.20743542 -0.12442979  0.27851468
 -0.8900469 ]
[ 0.27585954 -0.14548059 -0.17553973  0.20745402 -0.12454872  0.27863002
 -0.89148083]
[ 0.27443133 -0.14563038 -0.17549536  0.20747262 -0.12466765  0.27874536
 -0.89291476]
[ 0.27328726 -0.14569147 -0.17568574  0.20775248 -0.12483077  0.27883522
 -0.89440313]
[ 0.27281484 -0.14554293 -0.17643095  0.20864987 -0.12509838  0.27886484
 -0.89602019]
[ 0.27234241 -0.14539438 -0.17717616  0.20954725 -0.12536598  0.27889446
 -0.89763724]
[ 0.27186998 -0.14524583 -0.17792137  0.21044464 -0.12563359  0.27892408
 -0.8992543 ]
[ 0.27213353 -0.14490569 -0.17915158  0.21187824 -0.12595098  0.27889001
 -0.90083532]
[ 0.27270846 -0.14448449 -0.18058697  0.21353868 -0.12628942  0.278829
 -0.90240111]
[ 0.27328339 -0.14406329 -0.18202236  0.21519913 -0.12662787  0.27876799
 -0.90396689]
[ 0.27396743 -0.14362714 -0.18351061  0.21692007 -0.1269685   0.27870378
 -0.90550313]
[ 0.27555167 -0.14306757 -0.18543503  0.21914007 -0.12732714  0.27861319
 -0.90679569]
[ 0.27713592 -0.14250801 -0.18735945  0.22136008 -0.12768577  0.2785226
 -0.90808824]
[ 0.27872017 -0.14194845 -0.18928387  0.22358009 -0.12804441  0.27843201
 -0.9093808 ]
[ 0.28072333 -0.1414093  -0.19131427  0.22594779 -0.1284081   0.2783697
 -0.91044535]
[ 0.28312337 -0.1408895  -0.19344506  0.22845542 -0.12877656  0.27833419
 -0.9112939 ]
[ 0.2855234  -0.1403697  -0.19557585  0.23096305 -0.12914503  0.27829868
 -0.91214246]
[ 0.28792344 -0.1398499  -0.19770664  0.23347067 -0.12951349  0.27826317
 -0.91299101]
[ 0.29075637 -0.13948674 -0.19973271  0.23594843 -0.12989295  0.27832259
 -0.91334539]
[ 0.29362751 -0.1391374  -0.20174953  0.23842356 -0.13027337  0.27839037
 -0.91365616]
[ 0.29649864 -0.13878806 -0.20376636  0.24089869 -0.13065379  0.27845816
 -0.91396694]
[ 0.29938086 -0.1385022  -0.20565324  0.24325305 -0.1310292   0.27855215
 -0.91409909]
[ 0.30228617 -0.13834861 -0.20726941  0.24535582 -0.13139417  0.27870074
 -0.91385911]
[ 0.30519149 -0.13819501 -0.20888558  0.24745858 -0.13175913  0.27884934
 -0.91361914]
[ 0.3080968  -0.13804142 -0.21050175  0.24956134 -0.1321241   0.27899793
 -0.91337916]
[ 0.31071069 -0.13798356 -0.21168419  0.25116312 -0.13242797  0.27914907
 -0.91277444]
[ 0.31321663 -0.13796116 -0.212706    0.25257933 -0.13270922  0.27930116
 -0.91203463]
[ 0.31572257 -0.13793875 -0.2137278   0.25399555 -0.13299046  0.27945325
 -0.91129482]
[ 0.31812748 -0.13792178 -0.21465735  0.25528815 -0.13324938  0.27959431
 -0.91050047]
[ 0.31988578 -0.13793958 -0.21499641  0.25578958 -0.13336543  0.27966485
 -0.90935708]
[ 0.32164408 -0.13795738 -0.21533548  0.25629101 -0.13348147  0.27973538
 -0.90821369]
[ 0.32340237 -0.13797518 -0.21567455  0.25679243 -0.13359752  0.27980591
 -0.9070703 ]
[ 0.32463835 -0.13798166 -0.21564143  0.2567524  -0.13359393  0.27980464
 -0.90578229]
[ 0.32543036 -0.13797851 -0.21529196  0.25625212 -0.13348864  0.27974235
 -0.90437134]
[ 0.32622238 -0.13797537 -0.21494249  0.25575185 -0.13338335  0.27968005
 -0.90296039]
[ 0.32701439 -0.13797223 -0.21459302  0.25525157 -0.13327806  0.27961775
 -0.90154944]
[ 0.32681897 -0.13794345 -0.21364211  0.25387808 -0.13295729  0.27943173
 -0.90004983]
[ 0.32656713 -0.13791321 -0.21265683  0.25245469 -0.1326242   0.27923865
 -0.89854514]
[ 0.32631529 -0.13788297 -0.21167155  0.25103129 -0.13229111  0.27904556
 -0.89704046]
[ 0.32571593 -0.13785953 -0.21049846  0.24936183 -0.13189472  0.27882509
 -0.89557192]
[ 0.324475   -0.13784864 -0.20897863  0.24723808 -0.13138147  0.27855408
 -0.89417009]
[ 0.32323407 -0.13783774 -0.20745881  0.24511433 -0.13086822  0.27828306
 -0.89276826]
[ 0.32199314 -0.13782685 -0.20593899  0.24299058 -0.13035497  0.27801205
 -0.89136643]
[ 0.32013439 -0.13788863 -0.20413312  0.24057569 -0.1297738   0.27774673
 -0.89018732]
[ 0.31807705 -0.13797378 -0.20223531  0.23806722 -0.1291708   0.27748324
 -0.8890798 ]
[ 0.31601971 -0.13805892 -0.2003375   0.23555875 -0.12856781  0.27721975
 -0.88797227]
[ 0.31387416 -0.13817028 -0.19841469  0.23304479 -0.12796817  0.27697164
 -0.88693788]
[ 0.3112728  -0.13841707 -0.19636271  0.2305024  -0.12738589  0.27680294
 -0.88628135]
[ 0.30867144 -0.13866387 -0.19431073  0.22796002 -0.12680362  0.27663425
 -0.88562483]
[ 0.30607008 -0.13891066 -0.19225875  0.22541764 -0.12622134  0.27646556
 -0.8849683 ]
[ 0.30335385 -0.13925232 -0.19027922  0.22304737 -0.12570958  0.27638017
 -0.88462494]
[ 0.30055011 -0.13966626 -0.18835489  0.22080823 -0.12525154  0.27635826
 -0.88452018]
[ 0.29774636 -0.1400802  -0.18643055  0.2185691  -0.1247935   0.27633634
 -0.88441542]
[ 0.29494262 -0.14049414 -0.18450622  0.21632996 -0.12433547  0.27631442
 -0.88431067]
[ 0.29229396 -0.14098958 -0.18299089  0.21466292 -0.12406918  0.27642579
 -0.88477189]
[ 0.28964961 -0.14148729 -0.18148691  0.21301178 -0.12380821  0.27654087
 -0.88524883]
[ 0.28700526 -0.141985   -0.17998294  0.21136063 -0.12354725  0.27665594
 -0.88572577]
[ 0.28454728 -0.14245708 -0.17872773  0.21000847 -0.12337122  0.27679673
 -0.88640295]
[ 0.28239551 -0.14288704 -0.17788122  0.20914752 -0.12333474  0.27697977
 -0.88740908]
[ 0.28024373 -0.14331701 -0.1770347   0.20828657 -0.12329826  0.27716281
 -0.88841522]
[ 0.27809195 -0.14374697 -0.17618818  0.20742562 -0.12326177  0.27734585
 -0.88942135]
[ 0.27653953 -0.14400193 -0.17596011  0.20726158 -0.12338315  0.2775091
 -0.8907345 ]
[ 0.27515244 -0.14420862 -0.17590264  0.20728978 -0.12354808  0.2776669
 -0.89213234]
[ 0.27376536 -0.1444153  -0.17584517  0.20731798 -0.12371301  0.2778247
 -0.89353018]
[ 0.27255916 -0.14456354 -0.17593885  0.20751222 -0.12390405  0.27796505
 -0.89496341]
[ 0.27212817 -0.14446135 -0.17668035  0.20841802 -0.12420699  0.27803063
 -0.89654828]
[ 0.27169719 -0.14435916 -0.17742184  0.20932383 -0.12450993  0.2780962
 -0.89813314]
[ 0.2712662  -0.14425697 -0.17816333  0.21022963 -0.12481286  0.27816177
 -0.89971801]
[ 0.27145723 -0.14398911 -0.17931765  0.21158843 -0.12515405  0.27817114
 -0.90127407]
[ 0.27207236 -0.14360829 -0.18075344  0.21325609 -0.12552132  0.27814218
 -0.9028105 ]
[ 0.27268749 -0.14322747 -0.18218923  0.21492375 -0.12588859  0.27811323
 -0.90434693]
[ 0.27330262 -0.14284665 -0.18362502  0.21659142 -0.12625587  0.27808427
 -0.90588336]
[ 0.2749655  -0.14231401 -0.18559168  0.21886597 -0.12664811  0.2780225
 -0.90717007]
[ 0.27662838 -0.14178137 -0.18755833  0.22114053 -0.12704035  0.27796074
 -0.90845678]
[ 0.27829126 -0.14124873 -0.18952499  0.22341508 -0.12743259  0.27789897
 -0.90974349]
[ 0.28027115 -0.14073682 -0.19155753  0.2257872  -0.12782541  0.27785983
 -0.9108384 ]
[ 0.282716   -0.14025531 -0.19368668  0.2283024  -0.12821907  0.27785385
 -0.91165202]
[ 0.28516084 -0.13977381 -0.19581584  0.23081759 -0.12861273  0.27784787
 -0.91246564]
[ 0.28760568 -0.13929231 -0.19794499  0.23333279 -0.12900639  0.27784189
 -0.91327926]
[ 0.29041982 -0.13894823 -0.19997287  0.2358151  -0.12940902  0.27791759
 -0.91365839]
[ 0.29332013 -0.13863621 -0.20197712  0.23828974 -0.12981375  0.27801234
 -0.91393613]
[ 0.29622045 -0.1383242  -0.20398137  0.24076438 -0.13021848  0.27810709
 -0.91421388]
[ 0.29912445 -0.1380534  -0.20589706  0.24315674 -0.13061923  0.27821821
 -0.91437345]
[ 0.30204186 -0.13793199 -0.20749171  0.24525083 -0.13100554  0.27838867
 -0.91410465]
[ 0.30495926 -0.13781059 -0.20908636  0.24734492 -0.13139185  0.27855914
 -0.91383585]
[ 0.30787666 -0.13768918 -0.21068101  0.249439   -0.13177816  0.2787296
 -0.91356705]
[ 0.31053645 -0.13764454 -0.21190325  0.25110197 -0.13210939  0.2788983
 -0.91299104]
[ 0.31303942 -0.13764662 -0.2128988   0.25250251 -0.13240711  0.27906593
 -0.91222802]
[ 0.3155424  -0.1376487  -0.21389435  0.25390306 -0.13270482  0.27923356
 -0.91146501]
[ 0.31802418 -0.13765165 -0.21487144  0.25527876 -0.13299791  0.27939883
 -0.91069197]
[ 0.31974289 -0.13768596 -0.21518394  0.25576027 -0.13312477  0.27947888
 -0.90955784]
[ 0.32146161 -0.13772028 -0.21549644  0.25624177 -0.13325162  0.27955893
 -0.9084237 ]
[ 0.32318032 -0.13775459 -0.21580894  0.25672327 -0.13337847  0.27963898
 -0.90728957]
[ 0.32450094 -0.13777803 -0.21582402  0.2567712  -0.13340819  0.27966023
 -0.90601972]
[ 0.32529906 -0.1377872  -0.21544874  0.25625007 -0.13331043  0.27960431
 -0.90457176]
[ 0.32609719 -0.13779636 -0.21507345  0.25572894 -0.13321267  0.27954839
 -0.90312379]
[ 0.32689531 -0.13780553 -0.21469817  0.25520781 -0.1331149   0.27949247
 -0.90167583]
[ 0.3267957  -0.13778913 -0.21379348  0.25391604 -0.13282394  0.27932522
 -0.90017652]
[ 0.32652234 -0.13776779 -0.21278633  0.25247512 -0.13249559  0.27913643
 -0.89866728]
[ 0.32624898 -0.13774645 -0.21177918  0.2510342  -0.13216724  0.27894764
 -0.89715804]
[ 0.32573548 -0.13772962 -0.21064312  0.24942439 -0.13179491  0.27873987
 -0.89567522]
[ 0.32447489 -0.13772683 -0.20910598  0.24728917 -0.13128578  0.27847306
 -0.89427458]
[ 0.32321431 -0.13772404 -0.20756884  0.24515395 -0.13077665  0.27820625
 -0.89287395]
[ 0.32195372 -0.13772125 -0.20603171  0.24301873 -0.13026752  0.27793944
 -0.89147332]
[ 0.32016661 -0.1377809  -0.20425315  0.24063879 -0.12970055  0.27767809
 -0.89026671]
[ 0.31809431 -0.13787437 -0.20234383  0.2381263  -0.12910224  0.27741969
 -0.88916521]
[ 0.31602201 -0.13796783 -0.20043451  0.2356138  -0.12850394  0.2771613
 -0.88806371]
[ 0.31392069 -0.13807004 -0.19851725  0.23309989 -0.12790682  0.27690808
 -0.88698677]
[ 0.31131154 -0.13832511 -0.19646101  0.23056127 -0.12733052  0.2767454
 -0.88633972]
[ 0.30870238 -0.13858019 -0.19440478  0.22802265 -0.12675423  0.27658273
 -0.88569267]
[ 0.30609323 -0.13883526 -0.19234855  0.22548403 -0.12617793  0.27642006
 -0.88504561]
[ 0.30339488 -0.13916634 -0.19035459  0.22308798 -0.1256592   0.27632477
 -0.88465291]
[ 0.30059157 -0.13958683 -0.18843389  0.22085964 -0.1252082   0.27630874
 -0.88455944]
[ 0.29778827 -0.14000732 -0.18651319  0.21863131 -0.1247572   0.27629271
 -0.88446598]
[ 0.29498497 -0.14042781 -0.18459249  0.21640298 -0.12430621  0.27627669
 -0.88437251]
[ 0.29232657 -0.14091773 -0.18304162  0.21468785 -0.124026    0.27637783
 -0.88478217]
[ 0.28969081 -0.14141849 -0.18154854  0.21305291 -0.12377247  0.27649729
 -0.88527045]
[ 0.28705504 -0.14191926 -0.18005546  0.21141797 -0.12351895  0.27661675
 -0.88575873]
[ 0.28455431 -0.14240055 -0.17874141  0.20999751 -0.12332591  0.27675394
 -0.88638948]
[ 0.28241816 -0.14282928 -0.17791074  0.20915618 -0.1232962   0.27693901
 -0.88740491]
[ 0.28028202 -0.143258   -0.17708008  0.20831484 -0.12326649  0.27712409
 -0.88842034]
[ 0.27814587 -0.14368673 -0.17624941  0.2074735  -0.12323678  0.27730916
 -0.88943577]
[ 0.27652999 -0.14396228 -0.17595326  0.20723358 -0.12334218  0.27747563
 -0.89071333]
[ 0.27516385 -0.14416432 -0.17591368  0.20728232 -0.12351242  0.27763316
 -0.89211671]
[ 0.27379771 -0.14436635 -0.1758741   0.20733107 -0.12368266  0.2777907
 -0.89352008]
[ 0.27250935 -0.14454326 -0.17589922  0.20745085 -0.12386393  0.27794067
 -0.89493822]
[ 0.27210254 -0.14443549 -0.17665772  0.2083756  -0.12417019  0.27800496
 -0.89652362]
[ 0.27169573 -0.14432773 -0.17741621  0.20930035 -0.12447645  0.27806925
 -0.89810902]
[ 0.27128892 -0.14421996 -0.17817471  0.2102251  -0.1247827   0.27813354
 -0.89969441]
[ 0.27139131 -0.1439775  -0.17926933  0.2115187  -0.12511942  0.27815219
 -0.90125373]
[ 0.27203119 -0.14359287 -0.18071876  0.21320164 -0.12548829  0.27812265
 -0.9027855 ]
[ 0.27267107 -0.14320825 -0.18216818  0.21488458 -0.12585715  0.27809312
 -0.90431728]
[ 0.27331095 -0.14282362 -0.18361761  0.21656752 -0.12622602  0.27806359
 -0.90584906]
[ 0.27484582 -0.14231649 -0.1854983   0.21874368 -0.12660969  0.2780072
 -0.90713518]
[ 0.27648918 -0.14179452 -0.18743126  0.22097963 -0.12699516  0.27794756
 -0.90839151]
[ 0.27813253 -0.14127255 -0.18936423  0.22321557 -0.12738063  0.27788792
 -0.90964785]
[ 0.28001493 -0.14076303 -0.19135552  0.22553467 -0.12776877  0.27784455
 -0.91077199]
[ 0.28246234 -0.14028294 -0.19348468  0.22805031 -0.12816322  0.27783964
 -0.91158366]
[ 0.28490975 -0.13980286 -0.19561383  0.23056595 -0.12855768  0.27783472
 -0.91239533]
[ 0.28735716 -0.13932277 -0.19774298  0.23308159 -0.12895214  0.27782981
 -0.913207  ]
[ 0.29012376 -0.13896185 -0.19978374  0.23556811 -0.12935434  0.27789562
 -0.91364205]
[ 0.2930254  -0.13865134 -0.20178711  0.23804231 -0.12975982  0.27799134
 -0.91391776]
[ 0.29592704 -0.13834083 -0.20379047  0.24051651 -0.1301653   0.27808707
 -0.91419347]
[ 0.29883038 -0.1380509  -0.20574947  0.24294948 -0.13056877  0.27819095
 -0.91441011]
[ 0.30174774 -0.13793078 -0.20734249  0.24504233 -0.13095566  0.27836217
 -0.9141395 ]
[ 0.3046651  -0.13781066 -0.2089355   0.24713517 -0.13134254  0.27853338
 -0.91386888]
[ 0.30758245 -0.13769054 -0.21052851  0.24922802 -0.13172943  0.2787046
 -0.91359826]
[ 0.31028641 -0.13763363 -0.2118137   0.25096434 -0.13207066  0.27887418
 -0.913074  ]
[ 0.31278819 -0.13763659 -0.21280726  0.25236289 -0.13236864  0.27904221
 -0.91230944]
[ 0.31528997 -0.13763956 -0.21380081  0.25376144 -0.13266662  0.27921024
 -0.91154488]
[ 0.31779175 -0.13764252 -0.21479437  0.25515999 -0.1329646   0.27937826
 -0.91078032]
[ 0.31959585 -0.13767527 -0.21515965  0.25571349 -0.13310569  0.27946581
 -0.90965092]
[ 0.32133838 -0.13771065 -0.2154695   0.25619243 -0.13323294  0.27954626
 -0.90848934]
[ 0.32308091 -0.13774603 -0.21577934  0.25667136 -0.13336019  0.27962671
 -0.90732775]
[ 0.32450796 -0.13777282 -0.21586652  0.25682522 -0.13341425  0.27966281
 -0.9060816 ]
[ 0.32527775 -0.13778172 -0.21548982  0.25630183 -0.13331582  0.27960649
 -0.90465927]
[ 0.32604753 -0.13779062 -0.21511312  0.25577844 -0.13321739  0.27955017
 -0.90323694]
[ 0.32681732 -0.13779951 -0.21473642  0.25525505 -0.13311897  0.27949385
 -0.90181461]
[ 0.32682402 -0.13778651 -0.2138984   0.25406062 -0.13285256  0.27934079
 -0.90032877]
[ 0.32654809 -0.13776539 -0.21288952  0.25261766 -0.13252395  0.27915191
 -0.89881939]
[ 0.32627216 -0.13774427 -0.21188064  0.2511747  -0.13219533  0.27896303
 -0.89731002]
[ 0.32586286 -0.13772568 -0.21080019  0.24963801 -0.1318423   0.27876362
 -0.8958154 ]
[ 0.32460002 -0.13772329 -0.20926164  0.24750142 -0.13133303  0.27849686
 -0.8944152 ]
[ 0.32333717 -0.1377209  -0.20772308  0.24536482 -0.13082377  0.27823009
 -0.89301501]
[ 0.32207433 -0.13771851 -0.20618453  0.24322823 -0.1303145   0.27796333
 -0.89161482]
[ 0.32037303 -0.13776819 -0.20444513  0.24088821 -0.12975716  0.27770126
 -0.89037657]
[ 0.31829904 -0.13786215 -0.20253501  0.23837527 -0.12915894  0.27744317
 -0.88927595]
[ 0.31622506 -0.1379561  -0.20062489  0.23586233 -0.12856073  0.27718509
 -0.88817533]
[ 0.31415107 -0.13805006 -0.19871477  0.23334939 -0.12796251  0.276927
 -0.88707471]
[ 0.31156997 -0.13829697 -0.19666631  0.23081254 -0.12738536  0.27675951
 -0.88640432]
[ 0.30895989 -0.13855262 -0.19460995  0.22827432 -0.12680942  0.27659719
 -0.8857585 ]
[ 0.30634981 -0.13880827 -0.19255359  0.2257361  -0.12623347  0.27643487
 -0.88511269]
[ 0.30367184 -0.13912199 -0.19054511  0.22330714 -0.12570162  0.27632411
 -0.88466143]
[ 0.30086853 -0.13954293 -0.18862503  0.22107992 -0.12525115  0.27630853
 -0.88456933]
[ 0.29806523 -0.13996386 -0.18670494  0.21885269 -0.12480068  0.27629294
 -0.88447724]
[ 0.29526193 -0.14038479 -0.18478486  0.21662547 -0.12435022  0.27627736
 -0.88438515]
[ 0.29258608 -0.14086624 -0.18318892  0.21484786 -0.12404922  0.27636427
 -0.88473329]
[ 0.28995121 -0.14136714 -0.18169717  0.21321478 -0.12379627  0.27648412
 -0.88522294]
[ 0.28731633 -0.14186803 -0.18020542  0.2115817  -0.12354332  0.27660398
 -0.88571259]
[ 0.2847626  -0.14235717 -0.17882117  0.21007735 -0.12332668  0.27673442
 -0.8862877 ]
[ 0.28262809 -0.14278554 -0.17799236  0.20923814 -0.12329764  0.27691959
 -0.88730432]
[ 0.28049357 -0.14321391 -0.17716356  0.20839893 -0.12326859  0.27710475
 -0.88832095]
[ 0.27835906 -0.14364228 -0.17633475  0.20755972 -0.12323955  0.27728991
 -0.88933757]
[ 0.27666194 -0.14394182 -0.17595501  0.20722577 -0.12332386  0.27745932
 -0.89057408]
[ 0.27529805 -0.14414318 -0.17591742  0.20727677 -0.12349455  0.27761672
 -0.89197813]
[ 0.27393417 -0.14434455 -0.17587983  0.20732778 -0.12366523  0.27777412
 -0.89338217]
[ 0.27257028 -0.14454592 -0.17584224  0.20737879 -0.12383592  0.27793152
 -0.89478621]
[ 0.27214015 -0.14444578 -0.17658112  0.20828199 -0.12413877  0.27799807
 -0.89636684]
[ 0.27173595 -0.14433725 -0.17734156  0.20920887 -0.12444529  0.27806209
 -0.89795237]
[ 0.27133176 -0.14422873 -0.178102    0.21013575 -0.12475182  0.27812612
 -0.8995379 ]
[ 0.27132362 -0.14401556 -0.17912371  0.21134932 -0.12508198  0.27815469
 -0.90110292]
[ 0.27196616 -0.14363044 -0.18057464  0.2130339  -0.12545098  0.27812503
 -0.90263426]
[ 0.27260869 -0.14324533 -0.18202557  0.21471847 -0.12581998  0.27809536
 -0.90416559]
[ 0.27325123 -0.14286021 -0.1834765   0.21640305 -0.12618897  0.2780657
 -0.90569693]
[ 0.27468003 -0.14236776 -0.18530594  0.21852065 -0.12657088  0.27801257
 -0.90701196]
[ 0.27632573 -0.1418457  -0.18723979  0.2207577  -0.12695635  0.27795298
 -0.90826732]
[ 0.27797143 -0.14132364 -0.18917364  0.22299476 -0.12734182  0.27789338
 -0.90952269]
[ 0.27976912 -0.14080959 -0.19114446  0.22528458 -0.127729    0.27784418
 -0.91069387]
[ 0.28221817 -0.14032986 -0.1932737   0.22780053 -0.1281235   0.27783953
 -0.91150425]
[ 0.28466722 -0.13985012 -0.19540294  0.23031648 -0.128518    0.27783488
 -0.91231464]
[ 0.28711626 -0.13937039 -0.19753218  0.23283243 -0.1289125   0.27783023
 -0.91312503]
[ 0.28983482 -0.13899159 -0.19958616  0.23532326 -0.12931355  0.27788542
 -0.91361665]
[ 0.29273712 -0.13868162 -0.20158881  0.23779697 -0.12971908  0.27798142
 -0.91389094]
[ 0.29563942 -0.13837164 -0.20359147  0.24027068 -0.13012461  0.27807741
 -0.91416524]
[ 0.29854173 -0.13806166 -0.20559413  0.24274439 -0.13053013  0.2781734
 -0.91443953]
[ 0.30145855 -0.13794194 -0.20718581  0.24483582 -0.13091693  0.27834475
 -0.91416754]
[ 0.30437538 -0.13782222 -0.2087775   0.24692725 -0.13130372  0.27851609
 -0.91389555]
[ 0.30729221 -0.13770249 -0.21036918  0.24901868 -0.13169052  0.27868744
 -0.91362356]
[ 0.31004016 -0.13763262 -0.2117177   0.25082837 -0.13204118  0.27885741
 -0.91315143]
[ 0.31254044 -0.13763585 -0.21270958  0.25222484 -0.13233885  0.27902535
 -0.91238576]
[ 0.31504072 -0.13763908 -0.21370145  0.25362131 -0.13263652  0.27919329
 -0.9116201 ]
[ 0.31754099 -0.13764231 -0.21469333  0.25501779 -0.13293419  0.27936123
 -0.91085443]
[ 0.31942509 -0.13767161 -0.21513077  0.2556683  -0.13309329  0.27945798
 -0.90976706]
[ 0.32116541 -0.13770698 -0.21543884  0.25614475 -0.13322005  0.27953812
 -0.90860464]
[ 0.32290573 -0.13774236 -0.21574691  0.25662121 -0.13334681  0.27961826
 -0.90744221]
[ 0.32443565 -0.13777198 -0.21590657  0.25688096 -0.13342476  0.27966882
 -0.90622349]
[ 0.32520286 -0.13778075 -0.21552823  0.25635513 -0.13332576  0.27961214
 -0.90480072]
[ 0.32597008 -0.13778952 -0.21514989  0.25582931 -0.13322676  0.27955547
 -0.90337795]
[ 0.3267373  -0.13779828 -0.21477155  0.25530348 -0.13312776  0.2794988
 -0.90195518]
[ 0.32685445 -0.13778847 -0.21400032  0.25420626 -0.13288569  0.27935977
 -0.90047857]
[ 0.32657591 -0.13776735 -0.21298994  0.25276121 -0.13255654  0.27917063
 -0.8989692 ]
[ 0.32629737 -0.13774623 -0.21197956  0.25131617 -0.13222739  0.27898148
 -0.89745982]
[ 0.32599216 -0.13772562 -0.21095487  0.2498524  -0.13189337  0.27879023
 -0.89595341]
[ 0.32472701 -0.13772337 -0.20941516  0.24771444 -0.13138375  0.27852338
 -0.89455375]
[ 0.32346187 -0.13772111 -0.20787546  0.24557647 -0.13087413  0.27825653
 -0.89315409]
[ 0.32219672 -0.13771885 -0.20633576  0.24343851 -0.13036451  0.27798967
 -0.89175444]
[ 0.32058106 -0.13775835 -0.20463558  0.24113816 -0.12981656  0.27772667
 -0.89048451]
[ 0.31850534 -0.13785266 -0.2027248   0.23862469 -0.1292183   0.27746872
 -0.88938487]
[ 0.31642963 -0.13794697 -0.20081402  0.23611122 -0.12862004  0.27721076
 -0.88828523]
[ 0.31435392 -0.13804127 -0.19890324  0.23359775 -0.12802178  0.27695281
 -0.88718558]
[ 0.31182971 -0.13827113 -0.19687041  0.23106388 -0.12744233  0.27677528
 -0.88646722]
[ 0.3092187  -0.13852723 -0.19481395  0.22852606 -0.12686652  0.27661332
 -0.88582264]
[ 0.30660769 -0.13878332 -0.1927575   0.22598823 -0.1262907   0.27645136
 -0.88517807]
[ 0.3039499  -0.1390796  -0.1907344   0.22352625 -0.12574549  0.2763251
 -0.88466824]
[ 0.30114655 -0.13950088 -0.18881508  0.22130022 -0.12529547  0.27630991
 -0.88457761]
[ 0.2983432  -0.13992217 -0.18689575  0.21907419 -0.12484544  0.27629472
 -0.88448697]
[ 0.29553986 -0.14034346 -0.18497642  0.21684816 -0.12439542  0.27627954
 -0.88439634]
[ 0.29284636 -0.14081639 -0.18333536  0.21500787 -0.1240736   0.27635209
 -0.88468305]
[ 0.29021237 -0.14131728 -0.18184502  0.21337651 -0.12382123  0.27647217
 -0.88517417]
[ 0.28757838 -0.14181818 -0.18035468  0.21174516 -0.12356885  0.27659224
 -0.88566528]
[ 0.28497148 -0.14231514 -0.17890021  0.21015674 -0.12332858  0.27671584
 -0.88618486]
[ 0.28283856 -0.14274315 -0.17807326  0.20931969 -0.12330007  0.27690105
 -0.88720263]
[ 0.28070564 -0.14317117 -0.17724631  0.20848265 -0.12327155  0.27708625
 -0.88822041]
[ 0.27857273 -0.14359919 -0.17641937  0.20764561 -0.12324304  0.27727146
 -0.88923819]
[ 0.27679417 -0.14392275 -0.17595605  0.20721765 -0.12330625  0.27744381
 -0.8904338 ]
[ 0.2754325  -0.1441234  -0.17592054  0.20727096 -0.12347738  0.27760104
 -0.89183864]
[ 0.27407083 -0.14432406 -0.17588503  0.20732427 -0.12364851  0.27775826
 -0.89324348]
[ 0.27270916 -0.14452472 -0.17584952  0.20737758 -0.12381963  0.27791549
 -0.89464832]
[ 0.27217783 -0.1444573  -0.17650402  0.20818817 -0.12410805  0.27799191
 -0.89620955]
[ 0.27177625 -0.14434798 -0.17726632  0.20911708 -0.1244148   0.27805572
 -0.89779521]
[ 0.27137466 -0.14423866 -0.17802862  0.21004599 -0.12472154  0.27811952
 -0.89938087]
[ 0.27125598 -0.14405466 -0.17897745  0.21117961 -0.12504514  0.278158
 -0.90095173]
[ 0.27190112 -0.14366901 -0.18042988  0.21286591 -0.12541422  0.27812811
 -0.90248263]
[ 0.27254627 -0.14328337 -0.18188232  0.21455221 -0.12578331  0.27809823
 -0.90401352]
[ 0.27319142 -0.14289772 -0.18333476  0.21623852 -0.1261524   0.27806834
 -0.90554441]
[ 0.2745142  -0.14241981 -0.18511307  0.21829764 -0.12653258  0.27801844
 -0.90688851]
[ 0.27616225 -0.14189762 -0.18704781  0.22053571 -0.12691809  0.27795893
 -0.90814294]
[ 0.2778103  -0.14137543 -0.18898254  0.22277378 -0.12730361  0.27789942
 -0.90939738]
[ 0.27952343 -0.1408567  -0.19093306  0.22503441 -0.12768985  0.27784438
 -0.9106157 ]
[ 0.28197412 -0.14037723 -0.19306239  0.22755067 -0.1280844   0.27783991
 -0.9114248 ]
[ 0.2844248  -0.13989776 -0.19519172  0.23006693 -0.12847894  0.27783544
 -0.91223391]
[ 0.28687549 -0.1394183  -0.19732105  0.23258319 -0.12887349  0.27783096
 -0.91304301]
[ 0.28954616 -0.13902154 -0.19938841  0.23507849 -0.12927337  0.27787552
 -0.91359127]
[ 0.29244904 -0.1387121  -0.20139036  0.23755167 -0.1296789   0.27797182
 -0.91386419]
[ 0.29535192 -0.13840265 -0.2033923   0.24002485 -0.13008443  0.27806812
 -0.9141371 ]
[ 0.2982548  -0.1380932  -0.20539425  0.24249803 -0.13048995  0.27816442
 -0.91441002]
[ 0.30116969 -0.13795337 -0.20702911  0.24462955 -0.13087865  0.27832769
 -0.91419576]
[ 0.30408602 -0.13783409 -0.20861946  0.24671965 -0.13126532  0.27849909
 -0.91392244]
[ 0.30700236 -0.13771481 -0.21020982  0.24880975 -0.13165198  0.27867048
 -0.91364912]
[ 0.30979455 -0.13763199 -0.21162176  0.25069302 -0.13201208  0.27884081
 -0.9132291 ]
[ 0.31229328 -0.13763535 -0.212612    0.25208741 -0.1323094   0.27900861
 -0.91246233]
[ 0.314792   -0.13763872 -0.21360223  0.2534818  -0.13260671  0.27917642
 -0.91169555]
[ 0.31729073 -0.13764208 -0.21459247  0.25487619 -0.13290403  0.27934423
 -0.91092878]
[ 0.31925493 -0.13766794 -0.21510214  0.2556238  -0.13308115  0.27945024
 -0.90988336]
[ 0.320993   -0.13770332 -0.21540848  0.25609778 -0.13320743  0.27953012
 -0.90872004]
[ 0.32273106 -0.1377387  -0.21571483  0.25657175 -0.1333337   0.27960999
 -0.90755673]
[ 0.32436389 -0.13777119 -0.21594698  0.25693737 -0.13343556  0.27967507
 -0.90636532]
[ 0.32512854 -0.13777991 -0.21556695  0.25640902 -0.13333594  0.27961804
 -0.90494211]
[ 0.32589318 -0.13778864 -0.21518693  0.25588068 -0.13323631  0.27956101
 -0.90351889]
[ 0.32665783 -0.13779736 -0.21480691  0.25535233 -0.13313669  0.27950398
 -0.90209568]
[ 0.32688545 -0.13779073 -0.21410244  0.2543522  -0.13291893  0.27937895
 -0.90062824]
[ 0.3266043  -0.13776957 -0.21309059  0.25290512 -0.13258925  0.27918949
 -0.89911891]
[ 0.32632314 -0.13774841 -0.21207875  0.25145804 -0.13225957  0.27900003
 -0.89760958]
[ 0.32604199 -0.13772724 -0.21106691  0.25001096 -0.13192989  0.27881058
 -0.89610025]
[ 0.32485451 -0.13772357 -0.20956894  0.24792776 -0.13143458  0.27854992
 -0.89469215]
[ 0.32358706 -0.13772145 -0.20802809  0.24578842 -0.13092465  0.27828298
 -0.89329297]
[ 0.32231961 -0.13771932 -0.20648723  0.24364908 -0.13041472  0.27801604
 -0.8918938 ]
[ 0.32078946 -0.13774857 -0.20482617  0.24138825 -0.1298761   0.27775205
 -0.89059209]
[ 0.31871202 -0.13784319 -0.20291468  0.23887429 -0.12927771  0.27749423
 -0.88949342]
[ 0.31663458 -0.13793781 -0.20100319  0.23636033 -0.12867931  0.27723641
 -0.88839475]
[ 0.31455714 -0.13803243 -0.1990917   0.23384637 -0.12808092  0.27697859
 -0.88729608]
[ 0.31208966 -0.1382452  -0.19707442  0.23131526 -0.1274992   0.27679095
 -0.88652975]
[ 0.30947772 -0.13850174 -0.19501797  0.22877779 -0.12692365  0.2766293
 -0.88588651]
[ 0.30686578 -0.13875828 -0.19296152  0.22624032 -0.12634811  0.27646764
 -0.88524326]
[ 0.30422797 -0.13903712 -0.19092369  0.2237451  -0.12578958  0.27632584
 -0.88467489]
[ 0.30142463 -0.13945876 -0.18900507  0.22152022 -0.12533995  0.27631105
 -0.88458572]
[ 0.29862128 -0.13988041 -0.18708645  0.21929534 -0.12489033  0.27629626
 -0.88449655]
[ 0.29581793 -0.14030205 -0.18516783  0.21707046 -0.1244407   0.27628147
 -0.88440738]
[ 0.29310659 -0.14076656 -0.18348148  0.21516739 -0.12409799  0.27633973
 -0.88463261]
[ 0.29047344 -0.1412675  -0.18199256  0.21353785 -0.12384615  0.27646007
 -0.8851251 ]
[ 0.28784029 -0.14176844 -0.18050364  0.21190831 -0.1235943   0.27658041
 -0.88561758]
[ 0.28520714 -0.14226938 -0.17901472  0.21027876 -0.12334246  0.27670076
 -0.88611006]
[ 0.28304873 -0.14270096 -0.17815375  0.20940094 -0.12330238  0.27688254
 -0.88710058]
[ 0.28091745 -0.14312858 -0.17732867  0.20856607 -0.12327439  0.27706784
 -0.88811955]
[ 0.27878617 -0.1435562  -0.17650358  0.20773119 -0.12324641  0.27725313
 -0.88913852]
[ 0.27692608 -0.14390383 -0.17595663  0.20720916 -0.12328856  0.2774285
 -0.89029332]
[ 0.27556662 -0.14410378 -0.17592316  0.20726469 -0.12346017  0.27758555
 -0.89169887]
[ 0.27420716 -0.14430373 -0.17588968  0.20732021 -0.12363179  0.2777426
 -0.89310441]
[ 0.27284771 -0.14450368 -0.17585621  0.20737573 -0.1238034   0.27789965
 -0.89450996]
[ 0.27221504 -0.14446899 -0.17642639  0.20809381 -0.12407744  0.27798593
 -0.89605198]
[ 0.27181598 -0.14435887 -0.17719059  0.20902485 -0.12438441  0.27804947
 -0.89763786]
[ 0.27141692 -0.14424876 -0.1779548   0.20995589 -0.12469138  0.278113
 -0.89922375]
[ 0.27118762 -0.14409387 -0.17883086  0.21100967 -0.12500843  0.27816136
 -0.90080064]
[ 0.27183542 -0.14370765 -0.1802848   0.21269761 -0.12537761  0.2781313
 -0.90233109]
[ 0.27248323 -0.14332143 -0.18173874  0.21438555 -0.12574678  0.27810123
 -0.90386154]
[ 0.27313103 -0.14293521 -0.18319268  0.21607349 -0.12611596  0.27807117
 -0.905392  ]
[ 0.27434787 -0.14247176 -0.18492001  0.2180743  -0.12649441  0.27802439
 -0.90676526]
[ 0.27599827 -0.14194948 -0.18685563  0.22031348 -0.12687992  0.27796489
 -0.90801876]
[ 0.27764866 -0.1414272  -0.18879125  0.22255265 -0.12726543  0.27790538
 -0.90927227]
[ 0.27929906 -0.14090492 -0.19072688  0.22479183 -0.12765094  0.27784587
 -0.91052577]
[ 0.28172967 -0.14042459 -0.19285106  0.22730091 -0.12804529  0.27784013
 -0.91134563]
[ 0.28418195 -0.13994544 -0.19498048  0.22981748 -0.12843988  0.27783588
 -0.91215345]
[ 0.28663423 -0.13946628 -0.19710989  0.23233405 -0.12883447  0.27783163
 -0.91296127]
[ 0.28925724 -0.13905152 -0.19919081  0.23483398 -0.12923319  0.27786552
 -0.91356618]
[ 0.29216074 -0.13874256 -0.20119205  0.23730658 -0.12963872  0.27796209
 -0.91383772]
[ 0.29506424 -0.1384336  -0.20319329  0.23977919 -0.13004425  0.27805866
 -0.91410927]
[ 0.29796774 -0.13812464 -0.20519453  0.24225179 -0.13044977  0.27815522
 -0.91438081]
[ 0.30088089 -0.1379647  -0.20687272  0.24442352 -0.13084041  0.27831051
 -0.91422426]
[ 0.30379669 -0.13784586 -0.20846179  0.24651225 -0.13122694  0.27848199
 -0.91394962]
[ 0.3067125  -0.13772702 -0.21005087  0.24860098 -0.13161347  0.27865347
 -0.91367497]
[ 0.30954911 -0.13763134 -0.21152633  0.25055795 -0.13198306  0.27882424
 -0.91330701]
[ 0.31204629 -0.13763488 -0.21251488  0.25195026 -0.13228007  0.27899196
 -0.91253908]
[ 0.31454346 -0.13763842 -0.21350344  0.25334257 -0.13257707  0.27915968
 -0.91177115]
[ 0.31704064 -0.13764197 -0.21449199  0.25473488 -0.13287408  0.27932739
 -0.91100323]
[ 0.31899086 -0.1376598  -0.21507593  0.25557718 -0.13306457  0.27943904
 -0.91009269]
[ 0.32056816 -0.13768739 -0.21538401  0.25604447 -0.13318243  0.27951245
 -0.90908492]
[ 0.32214545 -0.13771497 -0.21569208  0.25651176 -0.13330029  0.27958586
 -0.90807715]
[ 0.32372275 -0.13774256 -0.21600015  0.25697905 -0.13341816  0.27965927
 -0.90706938]